Vector Kr : 
176
4
101
122
41
169
177
177
236
232
80
151
35
27
197
128
165
55
178
236
54
218
37
161
134
35
112
254
26
203
19
132
192
109
107
193
66
215
240
136
24
96
104
237
25
102
71
24
28
168
12
234
243
122
193
150
132
49
245
123
131
180
146
33
144
206
130
35
242
92
157
237
104
241
235
211
138
138
47
225
35
182
130
144
116
252
11
109
196
21
202
24
87
145
118
238
41
179
7
170
65
210
154
79
92
23
183
130
186
217
145
6
110
13
11
200
91
37
92
97
89
156
63
234
154
159
8
141
207
61
185
36
3
180
163
50
101
132
42
65
106
242
98
128
226
199
79
168
154
34
173
245
215
81
163
152
187
43
172
8
217
197
220
177
27
142
4
57
228
162
54
143
58
15
42
171
225
22
250
111
187
5
211
218
26
60
103
56
73
198
183
15
18
91
16
107
191
153
183
243
26
18
22
241
115
189
98
9
50
130
160
131
95
200
71
252
52
22
189
205
211
94
253
73
109
140
192
241
77
83
13
105
134
72
225
138
107
165
207
132
169
96
130
42
78
216
59
37
204
195
187
203
33
97
250
23
165
112
26
91
98
60
249
70
179
118
35
180
241
36
219
247
37
40
207
78
103
51
3
89
196
44
133
34
55
76
236
110
102
214
100
250
251
171
239
88
85
132
35
Vector Kc : 
153
150
186
221
228
41
76
221
70
57
137
51
115
150
37
9
157
172
22
6
210
98
235
133
102
129
122
109
117
54
156
199
142
147
250
150
166
216
172
152
101
122
84
207
87
246
16
26
117
139
167
234
157
6
214
164
253
251
238
109
24
188
177
132
131
237
149
13
67
180
90
27
16
243
184
94
193
226
137
76
54
188
66
150
167
110
74
155
142
139
219
194
190
1
176
74
84
253
250
218
200
203
6
71
135
94
2
232
46
78
204
146
45
139
114
17
43
12
102
248
74
51
215
110
247
111
123
253
149
248
194
64
227
101
173
175
143
131
52
209
14
86
45
117
194
71
212
92
212
90
33
240
204
157
123
122
82
213
230
26
138
180
225
118
29
212
73
224
ITER_MAX : 
1
